1.9986233099979507 0.000008767034574387259
2.090012093112785 0.0000087758239822578
2.1743626008979877 0.000008593414563242503
2.1713330459998583 0.00003065718604683528
2.266236782311417 0.00003068910421621018
2.3505956590328028 0.00003071750381889161
2.3509889990333885 0.0000861007315851852
2.4423777821482227 0.00008618705204410811
2.523221705672885 0.00008626348458592346
2.52358156992874 0.00022148918266202936
2.6114553998468493 0.00022170269241098865
2.69932922976496 0.0002219164079777326
2.7031873093451733 0.0005453608732733426
2.7910611392632827 0.0005458865868172056
2.871905062787945 0.0005463706908488842
2.87573803555961 0.0012572174734850649
2.960096912280995 0.0012583808986694348
3.0479791111352883 0.0012875212735582995
3.0517869770984065 0.0027739963135877603
3.136154222755975 0.002838124468465517
3.2275430058708086 0.002840969835770624
3.2243209654404783 0.006120467735668372
3.312194795358588 0.006126367705653588
3.4000686252766985 0.006132273363054767
3.403868122303634 0.012925552712991716
3.491741952221743 0.012938012605983812
3.5761008289431295 0.012949985403068742
3.5763770038371567 0.026702769584852
3.6677657869519926 0.026729540499368307
3.752124663673378 0.02675427593396051
3.7523924696312236 0.05397049259520626
3.8402662995493317 0.05402251873114
3.924625176270718 0.054072511003870005
3.924876244356199 0.10439796158526499
4.016265027471034 0.10450262596835144
4.1041388573891435 0.10460336375232772
4.104373187602258 0.1932918011546962
4.19225538645655 0.19776786683127093
4.276614263177937 0.19795088060715677
4.280346808715409 0.3501017323736823
4.364705685436796 0.35042571544035783
4.452579515354906 0.3507635166170714
4.45631206089238 0.6203706416685763
4.540670937613767 0.6209447307529141
4.628544767531875 0.6215433051482294
4.6322354683884335 0.9851196175664627
4.716602714046004 1.0078932251228203
4.804476543964112 1.0088648076935225
4.804652291623949 1.5989460470231296
4.889011168345336 1.6004257067787413
4.976884998263445 1.6019684750836105
4.97702727017855 2.3257305882681605
5.068416053293386 2.3280622540741778
5.152774930014772 2.3302166357259697
5.152917201929877 3.382997974861118
5.240791031847987 3.386259095967177
5.328664861766097 3.3895233607082424
5.3287736579364715 4.507634283407297
5.416647487854582 4.511979524347213
5.50100636457597 4.516154896325995
