#ENERGY[GeV]        #XS[pb]     #FIG 9 of 1106.3723
52.816823358058635 0.34485331776221156
100 0.6897785379387672
157.76832036995197 1.1317837154918573
227.214291016838 1.6819243248808724
392.6986478874697 2.75968946102349
516.2633404228455 3.714432521527319
814.5000008709306 5.519954321281573
1689.3621992017886 11.041059561003904
2432.980420037404 14.86082810574756
4606.449735804088 26.92201282980419
10466.512108254288 48.77216596885476
19816.625542394228 80.02502278161069
85249.74121288689 215.44346900318865
193699.5950905505 320.1668359362326
440113.1616874811 525.327465589178
760655.6908840954 640.4004271197283
2726738.9657354783 1160.1553017399715
37519.53313824313 131.30448779508419
1440176.9029678623 861.9535664753032
5655555.225142409 1561.5230060004965
14077153.669117272 2320.552497534359
29197558.324778985 3123.3715918008866
60558933.44398844 4203.934240157977
137598551.2721177 5658.328692610866
411018515.3009263 8408.745006670906
1023059729.8425149 11317.837154918572
2121937916.8489642 15233.359765771827
6943591429.214284 22638.034095214512

